""	"ARID2_1"	"ARID2_2"	"ARID2_3"	"ARID2_4"	"Control_1"	"Control_2"	"Control_3"	"Control_4"
"ENSG00000005884"	58145,984181924	54586,2376979611	55180,4319719063	47200,9710662063	45626,5324395995	46217,6300408737	45995,3272229425	46212,2536049284
"ENSG00000007237"	71,0109719613431	86,5722964503546	99,0598437053697	81,8750582241219	113,851957950326	99,7739936504281	89,6666414929057	78,300242426828
"ENSG00000012124"	408,063050144056	418,432766176714	381,209605431698	478,322708572502	136,190000332985	180,840363491401	212,272049248511	597,554481678424
"ENSG00000015413"	23,0035542973365	27,2542414751116	28,6931961077623	25,8552815444596	25,9409524443782	24,943498412607	19,2142803199084	38,4632769815997
"ENSG00000023839"	31713,9001397497	36372,3884392115	40422,5647738139	46703,2568964754	36867,1374975478	35358,2998390995	36057,8844346318	47930,7378729278
"ENSG00000044459"	3543,54751632449	3430,82804451405	3449,33207495456	2738,50523691734	2845,57836674582	2713,49629160003	2890,37673955193	1725,35271031747
"ENSG00000058453"	1196,1848234615	1038,86755740426	887,439565332932	764,885412356928	1106,81397096014	1158,9818369572	1204,09490004759	682,723166423395
"ENSG00000064961"	6597,01931066224	5385,11747734706	5075,96302573032	3901,99290641802	5400,04160050473	5785,10995326678	5505,3487945185	4666,41971094622
"ENSG00000068438"	5371,83000569541	4726,20610991936	5086,21059576881	5528,7210369236	5173,77884862876	5100,05458614911	5240,92369868738	4535,91930690151
"ENSG00000070087"	27267,2130786211	26434,2094448458	26544,6222563596	26934,7395489407	23638,6929149396	22717,2911792818	24048,0442689596	19904,7458379779
"ENSG00000072042"	14257,2028916753	13775,4158749939	14076,0622048651	18443,4341683811	15714,4525251944	14444,0672593575	15487,6249035757	19276,9702100996
"ENSG00000076067"	1618,25003709089	1743,46985906964	1834,31503688909	1777,55060618159	1876,39556014336	1830,67461563955	1967,17631846681	1494,57304842787
"ENSG00000076356"	1978,30566957094	1982,34526964562	1976,4146747561	2419,62343120234	1855,49868178538	1838,69216870075	1884,82940281006	1958,87974913433
"ENSG00000077152"	5389,83278731941	4672,49922230664	4866,9125969452	4862,94753715377	3960,31873984174	3792,30259794529	4045,97845593499	4915,05732286299
"ENSG00000079841"	1,0001545346668	2,40478601250985	7,51488469489011	10,7730339768581	0,720582012343839	2,67251768706504	1,82993145903889	2,74737692725712
"ENSG00000082482"	1,0001545346668	12,0239300625492	6,83171335899101	17,236854362973	1,44116402468768	8,01755306119511	13,7244859427917	9,61581924539993
"ENSG00000087263"	5742,88733805679	5663,2710594607	6219,59184202542	7597,14356048036	6201,32879823107	6108,48459340165	6027,79422607411	6470,07266369052
"ENSG00000087302"	12664,9568724857	11005,9039839201	10367,1250222689	11522,8371416475	9892,87044746856	9641,55297570163	9976,78631468003	10499,1009275131
"ENSG00000089351"	25571,9511423609	23317,606772633	20778,6561813712	21918,8149293156	32632,2770110031	34692,8429350203	33117,1845799563	27009,4625718648
"ENSG00000090013"	42068,5000371551	32915,9093438973	33115,3641650371	32476,3882266366	28229,5209155822	28781,2338112324	27809,468383014	28425,7353778658
"ENSG00000091129"	12461,9255019484	14080,0221032452	15091,2548100111	26156,9264958116	16753,5317869942	17047,0994865589	17103,454381907	26461,360874877
"ENSG00000092054"	0	0,801595337503283	0	0	7,20582012343839	14,2534276643469	3,65986291807778	8,24213078177137
"ENSG00000092929"	14785,2844859794	12506,4904557262	12495,8869049305	5940,25093483958	14932,6210418014	14646,2877643454	14677,8802329509	9133,6545946663
"ENSG00000100028"	14592,2546607887	12507,2920510637	12144,0536669424	12223,0843501433	12489,8480199558	12134,1211385043	12459,0883388663	11797,2365256421
"ENSG00000100372"	2363,36516541766	2305,38819065944	2232,60392571826	1779,70521297697	2046,4529150565	2034,67679908552	1985,4756330572	1850,35836050767
"ENSG00000100664"	28738,440399116	27756,8417517262	28877,652368455	26717,1242626082	23640,8546609767	23241,1046459466	24401,2210405541	17581,838645982
"ENSG00000100697"	4337,67021684993	5211,97288444635	6142,39348106882	6664,19881808445	6074,50636405856	5936,55262220047	6362,67168307822	5283,20583111545
"ENSG00000101216"	1922,2970156296	1608,00024703159	1724,32445180933	1840,03420324737	1640,76524210692	1635,5808244838	1744,83964619358	1744,58434880827
"ENSG00000101445"	121,018698694683	100,19941718791	168,060148631179	204,687645560305	333,629471715197	322,483800905848	274,489718855834	446,448750679282
"ENSG00000103257"	187176,920853823	173654,407535361	183042,096027446	146726,568158013	121666,669874195	122175,036903407	121775,533838932	86962,7218784697
"ENSG00000103479"	6337,97928618354	7143,81764782926	7889,94575829872	7816,91345360827	7509,18515063514	7398,41979702505	7348,08977377067	7555,28654995709
"ENSG00000103489"	119,01838962535	141,882374738081	163,961120615784	99,1119125870949	87,1904234936045	62,3587460315175	102,476161706178	103,026634772142
"ENSG00000103490"	1849,28573459892	1402,79184063075	1026,80651785635	859,68811135328	1096,00524077498	1102,85896552884	990,907885069559	777,507670413766
"ENSG00000104332"	387,059804916053	404,805645439158	408,536458867663	784,276873515273	1057,81439412075	1060,0986825358	1054,95548613592	1662,16304099056
"ENSG00000104725"	1565,24184675355	1444,47479818092	1390,25366855467	6162,17543476286	11181,2710855393	11054,42399293	11672,2178114796	20050,3568151225
"ENSG00000104853"	25491,9387795875	22289,9615499538	22431,2476429111	21438,3376139477	27266,1027650785	27614,234421214	27213,8256930969	25207,1833075841
"ENSG00000105438"	36619,6581322904	34219,3033626777	32609,1342051359	35507,9199877245	43843,0919590485	44086,7426050539	44354,7936699142	40740,8524542959
"ENSG00000106263"	34452,3232556674	29800,1082670221	30263,8070089943	30211,896484701	28431,2838790385	27518,0237844797	29179,1720801046	25866,5537701258
"ENSG00000106853"	38339,9239319173	36379,602797249	35780,4155463795	35426,0449295003	27928,3176344225	26929,1790540963	29109,6346846612	30879,1429739064
"ENSG00000108375"	2409,37227401233	2354,28550624714	2309,11911533896	6573,70533267884	5598,20165389928	5592,6886797981	5396,46787270569	12317,8644533573
"ENSG00000108424"	63071,745265158	62788,9627866322	62603,7717077859	70940,4287376109	53789,2854754305	53564,3811626155	57450,698156526	50726,1938964119
"ENSG00000108602"	81085,5285890418	72738,3641157229	69107,5628255454	65176,8555599918	42923,6293112978	42980,320282609	44046,4502190661	54183,767759365
"ENSG00000108679"	13912,1495772153	12629,9361377017	12615,4418887128	23345,1646278516	28720,9578480007	28532,6896663354	27709,7371184964	47166,9670871503
"ENSG00000108828"	29146,50344926	25428,2072962792	25228,8342634179	22675,081914491	22673,1130183989	23211,7069513889	22297,7148283889	19660,229291452
"ENSG00000111405"	8,00123627733444	13,6271207375558	10,9307413743856	10,7730339768581	2,16174603703152	0	1,82993145903889	2,74737692725712
"ENSG00000111728"	7,00108174266763	8,01595337503283	2,7326853435964	2,15460679537163	7,20582012343839	14,2534276643469	9,14965729519446	6,86844231814281
"ENSG00000111962"	901,139235734791	870,532536528566	970,786468312623	1687,05712077599	1287,68005605844	1300,62527437165	1228,79897474462	2222,62793415101
"ENSG00000112280"	0	0	0	0	11,5293121975014	6,23587460315175	5,48979437711667	5,49475385451425
"ENSG00000112697"	7112,09889601565	8027,17570975788	8620,25591637486	4548,37494502951	7883,16721504159	8067,44005802033	8425,91940314457	4600,48266469205
"ENSG00000114125"	6523,0078750969	6014,36981728713	5914,21425487852	4604,39472170917	6189,07890402123	6055,03423966035	6161,37922258395	5184,30026173419
"ENSG00000115091"	26594,1090767903	26333,2084323204	27331,6356353153	27430,2991118762	21885,5168789071	21354,3071588787	23424,9526071568	22369,1429417275
"ENSG00000115241"	31408,8530066763	26952,8416282104	27476,467958526	28063,7535097155	25332,0606439476	24833,9251874374	26255,85657429	22887,0234925155
"ENSG00000115414"	13107,0251768085	14639,5356488225	14914,3134340133	37201,4409288865	56921,6554830892	58395,4023016001	56712,3208128038	123638,830168889
"ENSG00000115484"	52648,1347048606	50522,1493368194	49902,2502307499	47233,2901681369	42887,6002106806	41592,3927637932	43214,7463709329	38206,3972389012
"ENSG00000115806"	10887,6822643828	10252,404366667	10197,6985309659	13528,7760681385	10031,2221938386	10060,2474133418	10380,2862013981	11103,5238515097
"ENSG00000117115"	171,026425428024	223,645099163416	241,842652908282	277,94427660294	372,540900381765	394,641778456604	375,135949102973	412,106539088568
"ENSG00000117477"	20,0030906933361	8,01595337503283	29,3763674436614	60,3289902704056	112,410793925639	114,918260543797	112,540784730892	101,652946308514
"ENSG00000117724"	33800,2224990647	32778,0349458468	35127,9869205959	30035,2187274805	27040,5605952149	26126,5329087478	28457,2641195138	26201,7337552512
"ENSG00000118473"	6,00092720800083	11,222334725046	4,09902801539461	4,30921359074326	5,76465609875071	1,78167845804336	0	2,74737692725712
"ENSG00000118849"	987,152525716136	1033,25639004173	973,519153656219	1266,90879567852	830,110478220102	750,977470065275	888,431723363381	1891,56901441653
"ENSG00000119335"	36185,591064245	35459,3713497952	33683,7627165052	30433,8209846243	25947,4376824893	24653,975663175	27660,3289691024	22590,3067843717
"ENSG00000120055"	216,03337948803	209,216383088357	213,14945680052	200,378431969562	222,659841814246	195,984630384769	191,227837469564	243,142858062255
"ENSG00000120129"	15430,3841608395	14524,9075155595	14302,8750883836	39515,4886271157	12383,9224641412	13328,7365446224	13730,8907028983	45361,9404459424
"ENSG00000120910"	1255,19394100684	1205,59938760494	1177,10421175415	1641,81037807318	1205,53370665124	1226,68561836285	1253,50304944164	1549,52058697302
"ENSG00000121716"	5783,89367397813	5380,30790532204	5565,79687356998	6211,73139105641	5720,70059599773	6153,02655485274	6065,3078209844	5206,27927715225
"ENSG00000121871"	1,0001545346668	0	2,7326853435964	0	0	0,890839229021679	0	1,37368846362856
"ENSG00000121895"	4068,62864702456	4269,29676754249	4402,35608853381	4042,04234811718	4521,65212745759	4251,08480089145	4487,90690329288	3954,84908678663
"ENSG00000122733"	0	4,00797668751642	4,78219935129371	6,46382038611489	6,48523811109455	0	3,65986291807778	1,37368846362856
"ENSG00000124920"	22816,5253993538	22614,6076616426	22471,5547517291	20022,7609493886	27253,1322888563	27689,9557556809	25590,6764889294	24240,1066291896
"ENSG00000126777"	49044,5779164561	46482,1088358029	47057,524788066	43083,5174802511	40664,6047025998	39154,1657939608	41796,5494901778	37242,0679374339
"ENSG00000127054"	8665,3388883532	7038,80865861633	7297,6362100742	5877,7673377738	7424,15647317857	7296,86412491657	7266,65782384344	5551,07508152302
"ENSG00000127152"	448,069231530728	496,989109252036	451,576253029306	159,440902857501	389,834868678017	405,331849204864	419,054304119906	288,474577361998
"ENSG00000128262"	34,0052541786714	20,8414787750854	32,1090527872578	15,0822475676014	31,7056085431289	24,0526591835853	35,6836634512584	8,24213078177137
"ENSG00000129595"	2269,35063915898	2585,94655878559	2371,28770690578	4138,9996539089	4167,12577738442	4102,31464964483	4135,64509742789	4453,4979990838
"ENSG00000130038"	109,016844278682	151,501518788121	131,852067828527	260,707422239967	214,733439678464	195,093791155748	225,996535191303	219,79015418057
"ENSG00000131711"	46808,2323769411	43338,251922115	45396,0520991594	34516,8008618535	30030,2553644295	28103,3051579469	31211,3109653673	18728,8685131118
"ENSG00000131747"	88481,6713729029	87947,8340495102	91400,8098586049	80530,58358381	51431,5411310415	48729,7966667149	53671,8896936107	56047,8630045089
"ENSG00000132024"	4025,62200203389	3370,70839420131	3557,95631736252	3266,38390178339	3803,23186115078	3758,45070724246	3820,8968864732	3138,87813939126
"ENSG00000132341"	40456,2509272722	37650,9330025292	36992,3614962645	34956,3406481093	33717,4735215929	32754,3767726691	34858,3643632318	31557,7450749389
"ENSG00000132646"	32771,0634828925	28470,2616021041	28994,4746668938	21436,1830071523	22794,1707964726	22369,8638799634	23425,8675728864	19664,3503568429
"ENSG00000133710"	17,0026270893357	20,0398834375821	10,2475700384865	6,46382038611489	0	0,890839229021679	0	0
"ENSG00000134013"	7909,22206014509	7344,21648220508	7848,27230680887	3447,37087259461	4590,8280006426	4842,60204896185	5115,57339374322	2259,71752266898
"ENSG00000134259"	11,0016998813349	8,01595337503283	12,2970840461838	12,9276407722298	1,44116402468768	3,56335691608672	0	0
"ENSG00000134551"	7,00108174266763	11,222334725046	14,3465980538811	6,46382038611489	2,88232804937535	16,9259453514119	6,40476010663612	15,1105730999142
"ENSG00000134760"	13,0020089506685	9,6191440500394	18,4456260692757	4,30921359074326	0	0	0	1,37368846362856
"ENSG00000135052"	25207,8948917421	24871,0985367144	24972,6450124557	30494,1499748947	20140,9878270226	19910,2567686345	20890,497536388	25767,6482007446
"ENSG00000135164"	3373,52124543113	3550,26574980204	3892,71027195308	4317,83201792474	3981,93620021205	3876,93232470235	3902,32883640043	3410,86845518972
"ENSG00000135312"	20,0030906933361	26,4526461376083	24,5941680923676	23,7006747490879	47,5584128146933	51,6686752832574	42,0884235578945	37,0895885179712
"ENSG00000135447"	0	0	2,0495140076973	0	12,2498942098453	8,90839229021679	11,8945544837528	6,86844231814281
"ENSG00000135624"	63207,7662818727	54448,3632999105	55987,940490939	61817,8235660074	45496,8276773776	44241,7486309037	46367,7182748569	49065,4045438849
"ENSG00000135631"	5642,87188459011	5260,06860469654	5503,62828200316	6203,11296387492	5697,64197160273	5647,02987276842	5442,21615918166	6459,0831559815
"ENSG00000136068"	68452,5766616654	70259,0297368253	75698,116702964	70647,4022134403	47082,1081045341	47221,6058519812	49743,9418167837	39571,843571748
"ENSG00000136274"	15,0023180200021	5,61116736252298	13,663426717982	0	7,20582012343839	16,0351061223902	19,2142803199084	1,37368846362856
"ENSG00000136352"	1,0001545346668	0,801595337503283	0	2,15460679537163	23,0586243950028	9,79923151923847	14,6394516723111	8,24213078177137
"ENSG00000136381"	12532,9364739097	13793,050972419	15153,423401578	13382,2628060532	13473,4424668051	13310,0289208129	14144,4552126411	11549,9726021889
"ENSG00000136383"	12,0018544160017	22,4446694500919	21,8614827487712	53,8651698842907	14,4116402468768	13,3625884353252	42,0884235578945	76,9265539631994
"ENSG00000136881"	844,130427258783	1010,01012525414	942,093272204861	883,388786102368	3215,95752109055	2818,61532062459	2921,48557435559	4075,73367158594
"ENSG00000136999"	39,0060268520054	35,2701948501445	46,4556508411389	84,0296650194935	80,7051853825099	72,157977550756	64,0476010663612	104,400323235771
"ENSG00000137492"	5264,81347048606	5219,98883782138	5140,18113130484	5513,638789356	4872,57556746904	5222,09956052508	5147,5971942764	4943,90478059919
"ENSG00000137699"	166,02565275469	140,279184063075	203,585058097932	178,832364015845	187,351323209398	160,351061223902	180,248248715331	225,284908035084
"ENSG00000138131"	4768,73682129132	4813,58000170722	5003,54686412502	7426,92962364601	4010,75948070581	3869,80561087017	4103,62129689471	5410,9588582329
"ENSG00000138297"	7041,0879240543	6236,41172577554	5898,50131415284	5543,8032844912	6207,09345432983	5655,04742582962	5877,73984643292	6391,7724212637
"ENSG00000138315"	1,0001545346668	0	1,3663426717982	0	7,20582012343839	4,4541961451084	16,46938313135	8,24213078177137
"ENSG00000139144"	8,00123627733444	0	1,3663426717982	0	2,88232804937535	3,56335691608672	7,31972583615556	10,9895077090285
"ENSG00000141367"	65976,1940338304	68295,1211599422	75271,817789363	72769,6899068814	60403,5077667346	58407,8740508064	62121,5982057228	59340,5942518266
"ENSG00000141753"	226209,951878265	198366,79019525	176614,136927972	131321,129571105	125180,227766384	127923,622448284	127584,651255651	131139,169180301
"ENSG00000141934"	13581,0984262405	11877,2381157861	11337,2283192456	8420,20335631233	11530,7533615261	11320,7849224075	11210,1601180722	9689,99842243587
"ENSG00000142619"	40,0061813866722	16,8335020875689	49,8715075206344	66,7928106565205	105,2049738022	81,9572090699945	50,3231151235695	190,94269644437
"ENSG00000142657"	173997,884550519	153349,196041066	152093,751339881	147282,456711218	137621,796791513	132688,721484321	137272,308399802	135327,545305904
"ENSG00000142789"	1,0001545346668	5,61116736252298	0,683171335899101	0	7,92640213578222	2,67251768706504	0,914965729519445	4,12106539088568
"ENSG00000142920"	160,024725546689	187,573308975768	162,594777943986	155,131689266757	179,424921073616	171,931971201184	134,499962239358	171,71105795357
"ENSG00000143127"	30,0046360400041	48,095720250197	75,8320182848002	75,411237838007	72,0582012343839	65,0312637185826	80,5169841977112	81,0476193540851
"ENSG00000143847"	30,0046360400041	25,6510508001051	39,6239374821479	34,4737087259461	32,4261905554727	41,8694437640189	39,3435263693362	57,6949154723996
"ENSG00000144381"	49043,5777619214	45335,0259078357	47320,5457523871	48228,7185075985	38071,9506221867	37083,8554257145	41294,2333046716	39200,9476865683
"ENSG00000145920"	124891,297052913	113751,187963741	114108,058721219	119403,999385905	167792,565648349	167308,515602562	166059,875147673	189558,018473032
"ENSG00000146648"	25042,8693935221	28906,3294657059	31869,9428196931	26796,844714037	21980,6337045365	21380,1414965203	22144,9155515591	20029,7514881681
"ENSG00000146858"	459,070931412063	513,021016002101	535,606327344895	734,720917221726	462,613651924744	546,084447390289	562,703923654459	717,065378014109
"ENSG00000146966"	225,034770300031	172,342997563206	172,842347982473	211,15146594642	193,115979308149	202,220504987921	233,316261027459	219,79015418057
"ENSG00000147180"	680,105083573427	830,452769653401	795,894606322453	779,96765992453	975,668044713557	903,310978227983	896,666414929056	563,21227008771
"ENSG00000147571"	0	1,60319067500657	0	0	0,720582012343839	2,67251768706504	4,57482864759723	0
"ENSG00000147872"	3547,54813446316	3065,30057061256	3274,44021296439	4987,91473128532	3927,17196727392	3853,77050474778	3836,45130387503	6323,08799808227
"ENSG00000148942"	1,0001545346668	0,801595337503283	0	2,15460679537163	5,04407408640687	12,4717492063035	8,23469156567501	5,49475385451425
"ENSG00000149136"	48309,464333476	42524,6326545492	43232,4484783669	43400,2446791707	38996,4573440239	37501,6590241256	39632,6555398643	32945,1704232038
"ENSG00000149212"	882,136299576122	1260,10787055516	1105,37122148475	1301,38250440446	1957,82132753821	1836,01965101368	1957,11169544209	1596,22599473639
"ENSG00000149527"	24,0037088320033	22,4446694500919	12,9802553820829	4,30921359074326	2,88232804937535	6,23587460315175	9,14965729519446	4,12106539088568
"ENSG00000150281"	17,0026270893357	19,2382881000788	7,51488469489011	12,9276407722298	30,9850265307851	30,2885337867371	15,5544174018306	24,7263923453141
"ENSG00000150687"	30427,7014081682	30267,4383487865	30228,9652708634	29856,3863634647	38843,693957407	37856,2130372763	38853,1047383137	39617,1752910477
"ENSG00000151131"	2153,33271313763	1777,13686324478	1778,29498734536	1266,90879567852	1783,440480551	1791,4776895626	1728,37026306223	1158,01937483888
"ENSG00000153113"	30151,6587566002	29851,4103686223	30915,552463442	33857,4911824698	40671,8105227233	38926,1109513313	41019,7435858158	51543,5385322709
"ENSG00000153132"	2484,38386411234	2430,43706330995	2695,79409145785	3660,6769453364	2781,44656764722	2559,38110497928	2854,69307610067	3342,18403200829
"ENSG00000154175"	19,0029361586693	18,4366927625755	43,7229654975425	21,5460679537163	38,1908466542234	34,7427299318455	28,3639376151028	28,8474577361998
"ENSG00000154269"	1,0001545346668	0,801595337503283	0	2,15460679537163	7,92640213578222	10,6900707482601	12,8095202132722	8,24213078177137
"ENSG00000155465"	18353,8358656705	17365,7613916711	17351,8687605013	12847,920320801	16120,140198144	15790,1253344093	15483,9650406576	20237,178446176
"ENSG00000155849"	608,093957077417	490,576346552009	586,161006201429	663,618892974462	1198,3278865278	1256,97415214959	1172,07109951441	1638,81033710887
"ENSG00000156298"	1705,2634816069	1704,99328286948	1618,43289474497	6877,50489082624	5547,04033102287	5259,51480814399	5087,20945612812	7064,87976844169
"ENSG00000156475"	1,0001545346668	0	0	0	7,92640213578222	18,7076238094553	7,31972583615556	4,12106539088568
"ENSG00000156689"	0	2,40478601250985	0,683171335899101	0	5,04407408640687	5,34503537413007	20,1292460494278	15,1105730999142
"ENSG00000158006"	1773,27398996424	1862,10596902013	2086,40525983586	2669,55781946545	1864,86624794585	1779,00594035629	1838,16615060457	3052,33576618266
"ENSG00000159167"	209,032297745362	185,168522963258	216,565313480015	349,046300850204	226,262751875965	211,128897278138	258,020335724484	793,991931977308
"ENSG00000159335"	27121,1905165597	25199,7526250907	22400,5049327956	20869,5214199696	33022,8324616934	32377,5517787929	32627,6779146634	28461,4512779202
"ENSG00000159592"	5556,85859460877	6072,08468158737	6287,22580427943	6450,89274534266	6109,81488266341	6104,92123648557	6204,38261187136	6538,75708687195
"ENSG00000159882"	327,050532836045	291,780702851195	393,506689477882	465,395067800272	416,496403134739	329,610514738021	359,581531701142	484,912027660882
"ENSG00000162545"	9909,5311294787	9538,98451628907	8565,60220950293	3477,53536772981	9584,4613461854	9353,81190472763	9858,75573557203	4869,72560356325
"ENSG00000162595"	15,0023180200021	22,4446694500919	9,56439870258742	28,0098883398312	43,9555027529742	28,5068553286937	10,0646230247139	34,342211590714
"ENSG00000162738"	202,031216002695	209,216383088357	172,842347982473	467,549674595644	556,289313529443	677,037814056476	644,13587358169	913,502828312993
"ENSG00000162745"	89,0137535853456	87,3738917878579	70,3666475976074	34,4737087259461	167,895608876114	114,027421314775	130,840099321281	118,137207872056
"ENSG00000162777"	298,046051330708	311,018990951274	338,169811270055	428,766752278954	557,730477554131	548,756965077354	548,979437711667	736,297016504909
"ENSG00000163009"	143,022098457353	141,882374738081	120,238155118242	114,194160154696	91,5139155676675	79,2846913829295	115,28568191945	45,3317192997425
"ENSG00000163273"	6,00092720800083	3,20638135001313	0,683171335899101	0	0,720582012343839	0	0,914965729519445	0
"ENSG00000163286"	1,0001545346668	3,20638135001313	0,683171335899101	6,46382038611489	6,48523811109455	4,4541961451084	7,31972583615556	0
"ENSG00000163485"	544,084066858742	438,472649614296	470,021879098582	1202,27059181737	757,331694973374	775,920968477883	684,394365680545	1647,05246789064
"ENSG00000164379"	255,039406340035	331,058874388856	215,882142144116	480,477315367873	584,392012010853	669,911100224303	629,496421909378	1218,46166723853
"ENSG00000164488"	462,071395016064	412,020003476688	310,842957834091	1562,08992664443	1388,56153778658	1387,92751881578	1286,44181570434	2865,51413512918
"ENSG00000164520"	225,034770300031	165,93023486318	226,129712182603	540,806305638279	198,160053394556	171,931971201184	200,377494764759	585,191285505767
"ENSG00000165125"	0	0	2,7326853435964	0	11,5293121975014	8,90839229021679	10,9795887542333	10,9895077090285
"ENSG00000165929"	3236,50007418178	3556,67851250207	3467,09452968794	3988,17717823289	3785,93789285453	3711,23622810432	3742,20983373453	4450,75062215654
"ENSG00000166664"	49,0075721986734	59,318054975243	33,475395459056	51,7105630889191	46,8378308023495	68,5946206346693	29,2789033446223	37,0895885179712
"ENSG00000167281"	604,09333893875	581,15661968988	444,744539670315	277,94427660294	1186,7985743303	1272,11841904296	1248,92822079404	557,717516233196
"ENSG00000167460"	55285,542212777	55643,5419481279	53277,7998014273	52537,9320983418	46598,5975742514	47413,1362862208	46451,8951219727	44930,602268363
"ENSG00000167468"	37749,8327564639	30522,3456661125	29172,7823855634	26159,0811026069	24414,0391602216	24621,9054509302	24174,3095396333	22136,9895913743
"ENSG00000167920"	1281,19795890818	1190,36907619238	1170,95566973106	879,079572511625	1136,35783346623	1060,98952176482	1211,41462588375	995,924136130707
"ENSG00000168003"	72028,1291230993	58147,7257824882	61080,2996287309	51639,4610646718	42375,2663999041	42552,7174526785	42458,9846783499	34891,6869761655
"ENSG00000168405"	0	5,61116736252298	1,3663426717982	36,6283155213177	7,20582012343839	6,23587460315175	0,914965729519445	17,8579500271713
"ENSG00000168679"	9553,47611513732	10074,4502017413	9902,56851385747	10852,7544282869	10000,9577493201	9639,77129724359	9780,06868283335	12082,9637260768
"ENSG00000168702"	14,0021634853353	29,6590274876215	30,0595387795605	10,7730339768581	24,4997884196905	16,0351061223902	7,31972583615556	16,4842615635427
"ENSG00000168874"	1777,27460810291	1363,51366909308	1563,09601653714	2081,35016432899	2287,12730717934	2358,05143922038	2455,76801803019	1850,35836050767
"ENSG00000169418"	173,026734497357	164,327044188173	199,486030082538	28,0098883398312	145,557566493455	189,748755781618	177,503351526772	67,3107347177995
"ENSG00000169764"	21340,2973061856	21449,8896362504	22304,1777744339	21263,8144635226	26655,7698006233	25811,1758216741	26828,6251209692	24988,7668418672
"ENSG00000170004"	26374,0750791636	25166,8872162531	23979,3138900585	21156,084123754	23542,8555072979	24870,4495958272	25086,5303719642	20793,5222739455
"ENSG00000170759"	31163,815145683	30919,9369535141	32836,6302599903	26643,8676315656	27173,8682674985	25385,3546702018	28063,8288558204	21871,867717894
"ENSG00000171877"	311,048060281376	260,518484688567	291,714160428916	700,24720849578	215,454021690808	260,12505487433	263,5101301016	619,533497096481
"ENSG00000172159"	2680,41415290704	3522,20991298943	3708,93718259622	3899,83829962265	4763,76768360512	4081,82534737733	4787,10069684574	3729,56417875154
"ENSG00000172346"	848,13104539745	729,451757127988	742,607242122323	415,839111506724	582,230265973822	587,953891154308	521,530465826084	537,112189278767
"ENSG00000172403"	676,10446543476	885,762847941128	1012,45991980247	1396,18520340082	948,285928244492	1055,64448639069	1015,61195976658	1600,34706012727
"ENSG00000172660"	27074,1832534304	25984,5144605064	24124,1462132691	30035,2187274805	21873,2669846972	21913,7541947043	23790,9388989646	20011,8935381409
"ENSG00000172955"	325,050223766711	363,122687888987	335,437125926459	1215,1982325896	1172,38693408343	1101,0772870708	1032,99630862745	3803,74335578749
"ENSG00000173545"	3554,54921620582	3251,27068891332	3368,03468598257	4862,94753715377	3233,2514893868	2978,9663818485	3338,70994701646	4610,09848393745
"ENSG00000174013"	1828,28248937092	1986,35324633314	2158,82142144116	1637,50116448244	1633,55942198348	1657,85180520935	1744,83964619358	1399,7885444375
"ENSG00000175768"	16226,5071704342	13994,2514021323	13650,4464625999	5246,46754672992	13371,8404030646	13125,6252004054	13908,3940544251	5373,86926971493
"ENSG00000175920"	84,0129809120116	67,3340083502758	85,3964169873877	79,7204514287503	257,968360419094	237,854074148788	231,48632956842	155,226796390027
"ENSG00000176171"	2297,35496612965	2368,7142223222	2328,24791274414	1456,51419367122	2191,28989953761	2280,5484262955	2316,69322714324	1866,84262207121
"ENSG00000179314"	1171,18096009483	1018,02607862917	1078,72753938468	924,326315214429	1089,52000266388	1043,17273718439	1161,09151076018	1111,31396707551
"ENSG00000179542"	0	0,801595337503283	0	0	0	0	0	0
"ENSG00000179588"	857,132436209451	715,824636390432	579,329292842438	448,158213437299	851,727938590417	1012,88420339765	970,778639020132	416,227604479454
"ENSG00000179743"	381,058877708053	383,964166664073	349,100552644441	180,986970811217	284,629894875816	399,986813830734	316,578142413728	303,585150461912
"ENSG00000179837"	6552,01235660224	6256,45160921313	5994,82847251461	5431,76373113188	6249,60779305811	6505,79888954532	6171,44384560866	5706,30187791304
"ENSG00000179862"	1508,23303827754	1107,00316109203	1073,26216869749	935,099349191287	1076,54952644169	1228,4672968209	1131,81260741555	918,997582167508
"ENSG00000180287"	563,087003017411	593,982145089933	561,566838109061	458,931247414157	1254,53328349062	1254,30163446252	1168,41123659633	1449,24132912813
"ENSG00000180316"	5,00077267333402	9,6191440500394	16,3961120615784	10,7730339768581	0,720582012343839	1,78167845804336	1,82993145903889	1,37368846362856
"ENSG00000180525"	226,034924834698	225,248289838423	219,981170159511	314,572592124258	303,365027196756	315,357087073674	309,258416577573	608,543989387453
"ENSG00000182568"	1,0001545346668	3,20638135001313	2,7326853435964	19,3914611583447	24,4997884196905	17,8167845804336	20,1292460494278	21,979015418057
"ENSG00000183035"	0	0,801595337503283	0	0	0	0	0	2,74737692725712
"ENSG00000183207"	23447,6229107286	19922,0489229691	19995,0586590949	16795,1599699218	19342,5829573457	19192,2403500431	19062,3960088081	14962,2147458423
"ENSG00000183576"	7589,17260905171	8048,01718853296	8356,55178071781	9325,13821036841	7777,96224123939	7553,42582287482	7486,2495989281	8891,88542506768
"ENSG00000183607"	14,0021634853353	8,01595337503283	10,2475700384865	6,46382038611489	0	0,890839229021679	1,82993145903889	1,37368846362856
"ENSG00000185033"	8290,28093785314	7481,28928491814	7604,3801398929	7168,37680820141	8232,64949102836	8291,04070450477	7657,34819034824	9556,7506414639
"ENSG00000185837"	27,0041724360037	38,4765762001576	15,7129407256793	2,15460679537163	15,8528042715644	31,1793730157588	43,0033892874139	13,7368846362856
"ENSG00000186076"	1131,17477870816	965,120786353953	835,518543804601	1965,00139737893	719,140848319151	653,875994101913	876,537168879629	2658,08717712127
"ENSG00000186204"	1391,21495772153	1276,94137264273	1280,26308347492	1777,55060618159	1366,22349540392	1373,67409115143	1352,31934822974	1754,20016805367
"ENSG00000186207"	9,00139081200124	6,41276270002627	8,88122736668832	4,30921359074326	0	0	0,914965729519445	0
"ENSG00000186510"	0	1,60319067500657	2,7326853435964	0	6,48523811109455	11,5809099772818	7,31972583615556	9,61581924539993
"ENSG00000186715"	32,0049451093377	23,2462647875952	38,2575948103497	32,3191019305744	50,4407408640687	55,2320321993441	34,7686977217389	52,2001616178853
"ENSG00000186908"	1861,28758901492	2295,7690466094	2412,96115839563	1200,115985022	2329,64164590763	2191,46450339333	2335,90750746314	1152,52462098436
"ENSG00000188162"	14,0021634853353	4,8095720250197	7,51488469489011	2,15460679537163	0,720582012343839	0,890839229021679	0	0
"ENSG00000189431"	174,026889032024	119,437705287989	110,673756415654	84,0296650194935	242,836138159874	246,762466439005	186,653008821967	218,416465716941
"ENSG00000196091"	19,0029361586693	13,6271207375558	12,2970840461838	17,236854362973	0	0	0	0
"ENSG00000196230"	156533,186066167	136966,992128511	133754,699999006	123099,150039967	110020,623390694	108681,495101416	111698,101294004	115909,085184051
"ENSG00000196296"	458,070776877396	413,623194151694	396,922546157378	351,200907645576	483,510530282716	454,328006801056	492,251562481462	427,217112188483
"ENSG00000196305"	45829,0810875023	45525,004002824	49681,5858892544	46136,5953092927	38234,8021569764	38501,180639088	39314,2474659915	29913,4399839755
"ENSG00000197122"	39770,1449164908	37980,3886862431	36956,8365867978	34292,7217551349	30783,2635673288	32360,6258334415	31460,1816437966	29950,5295724935
"ENSG00000198074"	414164,992960058	386289,59473817	361631,964458838	281542,469951211	256311,742372716	246744,649654425	254698,095160599	232362,150999698
"ENSG00000198959"	32681,0495747725	32580,0408974834	32188,3006622221	32135,9603529678	17701,0971332264	17842,6189180752	17290,107390729	29299,4012407336
"ENSG00000203740"	7,00108174266763	1,60319067500657	15,0297693897802	12,9276407722298	0	0	0	0
"ENSG00000204053"	0	1,60319067500657	0	0	9,3675661604699	8,01755306119511	5,48979437711667	9,61581924539993
"ENSG00000204262"	9185,41924637993	10021,544909466	10872,6718108342	15110,2574559412	14119,0839498652	13701,9981815824	14134,3905896164	16922,4681834402
"ENSG00000204316"	10260,5853711467	8258,83676229633	7727,35098035473	6287,14262889441	7833,44705618987	8546,71156323399	8399,38539698851	6667,88380245304
"ENSG00000204740"	1,0001545346668	0	0	2,15460679537163	10,8087301851576	9,79923151923847	5,48979437711667	16,4842615635427
"ENSG00000204880"	6,00092720800083	16,0319067500657	6,14854202309191	0	0	0	0	0
"ENSG00000205426"	158187,441666506	126526,212857531	125953,566514374	76721,238769593	85424,2769813497	87341,4413702015	88853,2369593629	59089,2092629826
"ENSG00000206190"	1839,28418925225	1891,76499650775	1780,34450135306	1206,57980540811	1894,41011045195	1913,52266393857	1693,60156534049	1386,05165980122
"ENSG00000206913"	7,00108174266763	5,61116736252298	8,88122736668832	0	3,60291006171919	8,01755306119511	5,48979437711667	6,86844231814281
"ENSG00000207643"	5,00077267333402	9,6191440500394	11,6139127102847	17,236854362973	8,64698414812606	5,34503537413007	5,48979437711667	19,2316384907999
"ENSG00000213424"	13,0020089506685	8,01595337503283	2,0495140076973	15,0822475676014	63,4112170862578	65,9221029476043	58,5578066892445	123,631961726571
"ENSG00000213606"	46640,2064151171	46052,4537349011	44623,3853182575	12126,1270443515	31733,7112416103	27936,7182221199	28847,9544860186	9819,12513801696
"ENSG00000214401"	112,017307882682	113,826537925466	92,2281303463787	60,3289902704056	113,851957950326	91,756440589233	116,20064764897	61,8159808632853
"ENSG00000215311"	155,023952873355	122,644086638002	173,525519318372	331,809446487231	162,130952777364	168,368614285097	179,333282985811	285,727200434741
"ENSG00000215441"	38,0058723173386	42,484552887674	39,6239374821479	4,30921359074326	45,3966667776618	41,8694437640189	32,9387662627	9,61581924539993
"ENSG00000217767"	12,0018544160017	6,41276270002627	12,2970840461838	4,30921359074326	0	0	1,82993145903889	0
"ENSG00000223586"	17,0026270893357	27,2542414751116	24,5941680923676	64,6382038611489	18,014550308596	39,1969260769539	33,8537319922195	50,8264731542568
"ENSG00000223599"	51,007881268007	75,3499617253086	68,3171335899101	56,0197766796624	78,5434393454784	81,0663698409728	65,8775325254001	53,5738500815139
"ENSG00000224953"	67,0103538226759	57,7148643002364	59,4359062232218	19,3914611583447	50,4407408640687	52,5595145122791	62,2176696073223	24,7263923453141
"ENSG00000225792"	105,016226140014	116,231323937976	129,802553820829	60,3289902704056	69,1758731850085	71,2671383217343	57,6428409597251	34,342211590714
"ENSG00000226309"	220,033997626697	238,875410575978	196,070173403042	230,542927104764	223,38042382659	241,417431064875	225,081569461784	212,921711862427
"ENSG00000226702"	18,0027816240025	16,0319067500657	14,3465980538811	2,15460679537163	0	0	0	0
"ENSG00000226786"	8,00123627733444	0	4,09902801539461	4,30921359074326	5,76465609875071	6,23587460315175	3,65986291807778	1,37368846362856
"ENSG00000226964"	155,023952873355	192,382881000788	131,852067828527	118,50337374544	165,733862839083	216,473932652268	193,972734658122	513,759485397082
"ENSG00000227242"	2,00030906933361	3,20638135001313	1,3663426717982	2,15460679537163	11,5293121975014	13,3625884353252	8,23469156567501	13,7368846362856
"ENSG00000227507"	7,00108174266763	7,21435803752955	10,2475700384865	6,46382038611489	7,20582012343839	5,34503537413007	10,9795887542333	4,12106539088568
"ENSG00000227682"	823,12718203078	793,57938412825	771,300438230085	0	835,154552306509	776,811807706904	831,703848133176	0
"ENSG00000228793"	11,0016998813349	6,41276270002627	12,2970840461838	12,9276407722298	0,720582012343839	0	0	1,37368846362856
"ENSG00000229043"	709,109565078764	658,109772090196	653,79496845544	769,194625947672	600,244816282418	596,862283444525	625,836558991301	674,481035641624
"ENSG00000229054"	3,00046360400041	8,81754871253612	4,09902801539461	2,15460679537163	7,20582012343839	0	9,14965729519446	2,74737692725712
"ENSG00000230795"	2,00030906933361	16,0319067500657	14,3465980538811	53,8651698842907	11,5293121975014	8,01755306119511	13,7244859427917	49,4527846906282
"ENSG00000230911"	159,024571012022	132,263230688042	148,931351226004	90,4934854056084	142,67523844408	140,752598185425	156,459139747825	123,631961726571
"ENSG00000231249"	2,00030906933361	8,01595337503283	1,3663426717982	8,61842718148652	2,88232804937535	4,4541961451084	2,74489718855834	6,86844231814281
"ENSG00000231407"	1,0001545346668	4,8095720250197	8,19805603078921	2,15460679537163	2,88232804937535	5,34503537413007	2,74489718855834	6,86844231814281
"ENSG00000231533"	0	0	0	0	7,92640213578222	8,90839229021679	10,0646230247139	26,1000808089427
"ENSG00000231683"	2262,34955741631	2523,42212246034	2652,07112596031	2598,45579521818	1934,04212113086	1802,16776031086	1922,34299772035	2740,50848493898
"ENSG00000231911"	284,043887845373	270,137628738606	320,407356536678	0	285,35047688816	280,614357141829	334,877457004117	0
"ENSG00000233355"	0	0,801595337503283	0	0	14,4116402468768	9,79923151923847	8,23469156567501	5,49475385451425
"ENSG00000234292"	29,0044815053373	8,81754871253612	13,663426717982	10,7730339768581	15,8528042715644	5,34503537413007	5,48979437711667	1,37368846362856
"ENSG00000235023"	1,0001545346668	0,801595337503283	2,7326853435964	2,15460679537163	9,3675661604699	7,12671383217343	9,14965729519446	10,9895077090285
"ENSG00000235109"	357,055168876049	408,012026789171	412,635486883057	650,691252202232	439,555027529742	478,380665984642	510,550877071851	671,733658714366
"ENSG00000235269"	156,024107408022	133,866421363048	153,713550577298	458,931247414157	205,365873517994	256,561697958244	204,037357682836	414,853916015826
"ENSG00000235411"	582,08993917608	515,425802014611	514,428015932023	383,52000957615	576,465609875071	512,232556687465	559,044060736381	348,916869761655
"ENSG00000235510"	0	0,801595337503283	1,3663426717982	0	10,0881481728137	6,23587460315175	6,40476010663612	5,49475385451425
"ENSG00000235532"	13,0020089506685	8,81754871253612	17,7624547333766	6,46382038611489	0	0	0	0
"ENSG00000235720"	251,038788201368	353,503543838948	336,803468598257	665,773499769834	314,894339394257	392,860099998561	304,683587929975	582,44390857851
"ENSG00000236455"	306,047287608042	311,820586288777	282,832933062228	346,891694054832	329,305979641134	325,156318592913	285,469307610067	240,395481134998
"ENSG00000236829"	84,0129809120116	45,6909342376871	59,4359062232218	58,174383475034	78,5434393454784	75,7213344668427	59,472772418764	68,6844231814281
"ENSG00000236969"	436,067377114727	383,964166664073	357,981780011129	282,253490193683	252,203704320343	221,818968026398	229,656398109381	189,569007980741
"ENSG00000237620"	10,001545346668	5,61116736252298	14,3465980538811	12,9276407722298	0	0,890839229021679	0	0
"ENSG00000239719"	118,018235090683	80,9611290878316	119,554983782343	47,4013494981758	87,9110055059483	91,756440589233	112,540784730892	87,9160616722279
"ENSG00000240625"	3,00046360400041	4,00797668751642	7,51488469489011	2,15460679537163	10,0881481728137	1,78167845804336	5,48979437711667	0
"ENSG00000241218"	2,00030906933361	0	0,683171335899101	0	2,16174603703152	7,12671383217343	1,82993145903889	0
"ENSG00000241369"	8,00123627733444	11,222334725046	10,2475700384865	4,30921359074326	0	0	0	0
"ENSG00000243137"	259,040024478702	266,931247388593	295,130017108412	68,9474174518921	90,7933335553237	106,00986825358	92,411538681464	34,342211590714
"ENSG00000243199"	12291,899231055	10828,7514143319	8566,28538083883	12162,7553598728	10678,3048409233	11039,2797260366	10480,9324316452	12559,6336229559
"ENSG00000243495"	65,0100447533423	46,4925295751904	60,1190775591209	12,9276407722298	46,8378308023495	61,4679068024959	65,8775325254001	17,8579500271713
"ENSG00000244668"	4,00061813866722	16,8335020875689	7,51488469489011	36,6283155213177	15,1322222592206	9,79923151923847	4,57482864759723	12,3631961726571
"ENSG00000247095"	91,0140626546792	79,357938412825	84,7132456514885	68,9474174518921	114,57253996267	82,8480482990162	122,605407755606	151,105730999142
"ENSG00000248122"	42,0064904560058	33,6670041751379	38,9407661462488	0	36,7496826295358	32,0702122447804	50,3231151235695	0
"ENSG00000248810"	1,0001545346668	0,801595337503283	1,3663426717982	0	7,20582012343839	15,1442668933685	14,6394516723111	9,61581924539993
"ENSG00000249948"	0	0,801595337503283	0	2,15460679537163	7,20582012343839	5,34503537413007	6,40476010663612	12,3631961726571
"ENSG00000250182"	231,035697508032	753,499617253086	3371,45054266206	4645,33225082123	3241,89847353493	434,729543762579	402,584920988556	5007,09444992611
"ENSG00000253161"	9,00139081200124	5,61116736252298	12,2970840461838	6,46382038611489	0,720582012343839	0	0,914965729519445	0
"ENSG00000253414"	18,0027816240025	10,4207393875427	10,2475700384865	4,30921359074326	0	0	0,914965729519445	0
"ENSG00000253661"	21,0032452280029	4,8095720250197	6,83171335899101	8,61842718148652	0,720582012343839	1,78167845804336	0,914965729519445	0
"ENSG00000253948"	30,0046360400041	40,8813622126674	43,7229654975425	15,0822475676014	59,0877250121948	68,5946206346693	58,5578066892445	19,2316384907999
"ENSG00000254285"	34620,3492174914	32722,724867559	31062,4343006603	35600,5680799254	29973,3293854543	31061,7822375279	32180,2596729284	43107,7176771279
"ENSG00000254510"	15,0023180200021	11,222334725046	10,9307413743856	12,9276407722298	0	3,56335691608672	0,914965729519445	0
"ENSG00000256306"	19,0029361586693	6,41276270002627	8,19805603078921	4,30921359074326	0,720582012343839	0	2,74489718855834	0
"ENSG00000258910"	0	1,60319067500657	0,683171335899101	0	19,4557143332836	2,67251768706504	11,8945544837528	13,7368846362856
"ENSG00000259772"	79,0122082386776	69,7387943627856	57,3863922155245	88,3388786102368	187,351323209398	163,023578910967	146,394516723111	225,284908035084
"ENSG00000260369"	3,00046360400041	6,41276270002627	5,46537068719281	2,15460679537163	2,16174603703152	7,12671383217343	1,82993145903889	1,37368846362856
"ENSG00000260496"	1,0001545346668	0,801595337503283	1,3663426717982	2,15460679537163	10,0881481728137	8,90839229021679	6,40476010663612	16,4842615635427
"ENSG00000261104"	16,0024725546689	16,0319067500657	6,83171335899101	6,46382038611489	0	0	0,914965729519445	0
"ENSG00000261502"	1,0001545346668	4,00797668751642	1,3663426717982	0	25,9409524443782	9,79923151923847	19,2142803199084	10,9895077090285
"ENSG00000261652"	397,061350262721	351,098757826438	291,714160428916	454,622033823414	376,143810443484	376,82499387617	343,112148569792	427,217112188483
"ENSG00000262074"	14,0021634853353	25,6510508001051	17,0792833974775	4,30921359074326	23,0586243950028	8,90839229021679	16,46938313135	16,4842615635427
"ENSG00000262583"	17,0026270893357	16,0319067500657	6,83171335899101	51,7105630889191	23,0586243950028	15,1442668933685	23,7891089675056	24,7263923453141
"ENSG00000262714"	3,00046360400041	2,40478601250985	1,3663426717982	0	10,8087301851576	11,5809099772818	9,14965729519446	5,49475385451425
"ENSG00000262943"	307,047442142709	296,590274876215	334,070783254661	293,026524170542	296,879789085662	365,244083898888	285,469307610067	251,384988844027
"ENSG00000265342"	12,0018544160017	3,20638135001313	2,0495140076973	0	7,92640213578222	1,78167845804336	6,40476010663612	1,37368846362856
"ENSG00000266405"	28,0043269706705	32,0638135001313	36,2080808026524	56,0197766796624	49,7201588517249	16,0351061223902	16,46938313135	71,4318001086852
"ENSG00000268307"	2,00030906933361	0,801595337503283	1,3663426717982	2,15460679537163	18,7351323209398	15,1442668933685	11,8945544837528	2,74737692725712
"ENSG00000270030"	0	5,61116736252298	1,3663426717982	0	3,60291006171919	0,890839229021679	3,65986291807778	1,37368846362856
"ENSG00000270923"	14,0021634853353	15,2303114125624	10,9307413743856	2,15460679537163	27,3821164690659	2,67251768706504	4,57482864759723	5,49475385451425
"ENSG00000271021"	5,00077267333402	1,60319067500657	0,683171335899101	2,15460679537163	10,0881481728137	8,90839229021679	12,8095202132722	13,7368846362856
"ENSG00000272005"	387,059804916053	432,05988691427	478,90310646527	155,131689266757	455,407831801306	440,965418365731	494,99645967002	114,016142481171
"ENSG00000272367"	564,087157552078	684,562418227804	617,586887652787	907,089460851456	664,376615381019	670,801939453324	639,561044934092	674,481035641624
"__no_feature"	95543,7625421852	99542,1090111577	119149,180008819	85869,6992227409	92937,7856240589	85739,7124364205	98352,4111632337	86454,4571469271
"__ambiguous"	0	0	0	0	0	0	0	0
"__too_low_aQual"	0	0	0	0	0	0	0	0
"__not_aligned"	0	0	0	0	0	0	0	0
"__alignment_not_unique"	373512,711743992	328521,023550321	415232,22113081	261287,011467922	309516,635836135	299882,318826339	312282,378313634	244272,029979358
