""	"baseMean"	"log2FoldChange"	"lfcSE"	"stat"	"pvalue"	"padj"
"ENSG00000005884"	49895,6710282927	-0,225151044508738	0,0816289927181222	-2,75822397179663	0,00581163638237018	0,0155834143704262
"ENSG00000007237"	90,0138757327097	0,174324247138879	0,196675945403852	0,886352658841546	0,375427521226327	0,62502493918449
"ENSG00000012124"	351,610628134537	-0,584727587468222	0,441249870395526	-1,32516206054426	0,185117405876332	0,337895023979087
"ENSG00000015413"	26,6710351978954	0,0142883161501132	0,302555045250692	0,0472255094548966	0,962333496595324	0,999590581734975
"ENSG00000023839"	38928,2712366822	0,00932411243548802	0,166981770068066	0,0558391040631996	0,955469982987122	0,999590581734975
"ENSG00000044459"	2917,12712261571	-0,371383143886759	0,194156161850002	-1,91280637373578	0,0557728449020197	0,115747753461041
"ENSG00000058453"	1004,99890411799	0,0947356046589174	0,228115037855727	0,415297498794593	0,677924132009665	0,933686418176947
"ENSG00000064961"	5289,62659742424	0,0265287374913966	0,175382070328573	0,151262540359433	0,879768617686178	0,999590581734975
"ENSG00000068438"	5095,45552358424	-0,0454310321957756	0,0868943766567524	-0,522830520727894	0,601092198327364	0,871981201517407
"ENSG00000070087"	24686,1948162408	-0,24691682994399	0,0797922618988803	-3,09449593316335	0,00197147637494467	0,00585644452557092
"ENSG00000072042"	15684,4037547678	0,100786050933475	0,14762427843468	0,682720024119002	0,494783774135911	0,757844207432015
"ENSG00000076067"	1767,8006352386	0,0413466034105411	0,111572632954155	0,370580153177261	0,710950266632366	0,970351039592824
"ENSG00000076356"	1986,82363095069	-0,145116580738937	0,0938290360705053	-1,54660632589142	0,121958203399774	0,243114050198235
"ENSG00000077152"	4563,23115753875	-0,244593832716439	0,111513769077361	-2,19339579982052	0,0282788746835425	0,0630036693317159
"ENSG00000079841"	3,70790841307873	-1,40964609231326	0,961905512819062	-1,46547251629945	0,142792045420545	0,275579552626912
"ENSG00000082482"	8,73645932415681	-0,141668027123632	0,863926137585302	-0,163981642596899	0,869745595265748	0,999590581734975
"ENSG00000087263"	6253,82176017758	-0,0229088336298199	0,116901914600439	-0,195966282572191	0,84463655688479	0,999590581734975
"ENSG00000087302"	10696,3917107107	-0,187332313305903	0,0846655822392295	-2,21261471723634	0,0269242195076201	0,06140204058416
"ENSG00000089351"	27379,8495154406	0,476774282124481	0,116927498909264	4,07752057105455	4,55185037982481e-05	0,000299828405453677
"ENSG00000090013"	31727,7650325526	-0,311946172121997	0,108174821931849	-2,88372253867472	0,00393004854964876	0,0110259695420701
"ENSG00000091129"	18144,4469301692	0,190760784075269	0,28132822654276	0,678071967464929	0,497726063626967	0,757844207432015
"ENSG00000092054"	4,27035460314221	4,7212673236818	1,24621612986563	3,78848195793363	0,000151570597749348	0,000728982398699246
"ENSG00000092929"	12389,794551905	0,223341263086113	0,300595038233564	0,742997171206051	0,457483393070574	0,714523031445278
"ENSG00000100028"	12543,3723439883	-0,0744376769067828	0,0843612667105632	-0,882367937434754	0,377577868461998	0,625169913355111
"ENSG00000100372"	2074,7532753099	-0,13539036798302	0,112906929504847	-1,19913249414163	0,230476430908102	0,401346888305488
"ENSG00000100664"	25119,3847219206	-0,334904763113634	0,124442216336164	-2,69124717458369	0,00711854315694813	0,0187558137091764
"ENSG00000100697"	5751,64648761278	0,0822749911168756	0,157292686024694	0,523069401357662	0,600925958035193	0,871981201517407
"ENSG00000101216"	1732,55324741381	-0,0670722804700015	0,0838428752650288	-0,799975910391728	0,423724754413333	0,668690628058541
"ENSG00000101445"	246,37720652878	1,22576034280313	0,26621169026105	4,60445723326853	4,13542986277546e-06	4,81936634008064e-05
"ENSG00000103257"	142897,494383706	-0,60967797836837	0,152640070146416	-3,99421972083445	6,49076516220469e-05	0,000379663588367536
"ENSG00000103479"	7374,95467716347	0,0307716538147898	0,0912226564761206	0,337324684497046	0,73587215351193	0,980311847764829
"ENSG00000103489"	109,878220446219	-0,584783699789905	0,240538474678553	-2,43114412599227	0,0150512260609282	0,0367783991650101
"ENSG00000103490"	1138,2314957783	-0,373961100798297	0,261794179376075	-1,4284546038783	0,153161052105774	0,291872948352512
"ENSG00000104332"	852,463798315148	1,29066579094437	0,288686748991289	4,47081757459992	7,79211436471706e-06	7,87003550836423e-05
"ENSG00000104725"	8065,05193166543	2,3538741251127	0,513255036915378	4,58616858250296	4,51454117924381e-06	5,06631843448472e-05
"ENSG00000104853"	24869,1039716717	0,227349859033055	0,080296638193055	2,83137456497798	0,00463484088724144	0,0126518629624699
"ENSG00000105438"	38997,6870470176	0,316544701043801	0,0641386769922223	4,93531697079107	8,00206928802892e-07	1,3470149968182e-05
"ENSG00000106263"	29465,3960662667	-0,168249546295101	0,0800774083765987	-2,10108630768661	0,0356333906220611	0,0773952495261335
"ENSG00000106853"	32596,5326940166	-0,345710252635094	0,0677084322065128	-5,10586704445714	3,29281159972131e-07	6,23576196697224e-06
"ENSG00000108375"	5318,96311100471	1,08340931141376	0,437587381527227	2,47586963689982	0,0132912098918127	0,0332829470844567
"ENSG00000108424"	59366,9333985214	-0,267153852457182	0,0755441640279897	-3,53639299467527	0,000405630788310356	0,00151735961553133
"ENSG00000108602"	59030,30983283	-0,645941820893999	0,121382481624603	-5,32154073840483	1,02892062645749e-07	2,22687821297586e-06
"ENSG00000108679"	24329,130493933	1,08014689421187	0,27807943184662	3,88431063397616	0,000102620638181145	0,000518234222814783
"ENSG00000108828"	23790,1738766346	-0,222404761207997	0,107616345021776	-2,06664481276515	0,0387676348970246	0,0833091728638188
"ENSG00000111405"	6,25889834868269	-2,74504577107252	0,72998363886353	-3,76042095319578	0,00016962767072254	0,000767122152670593
"ENSG00000111728"	7,17270933222388	0,854863604267599	0,605702440923193	1,41135902137796	0,158138779496058	0,299475313670661
"ENSG00000111962"	1308,65595008471	0,449264856793613	0,296074843281321	1,51740300464074	0,129164965802542	0,25249667508497
"ENSG00000112280"	3,59371687903551	5,24813866832837	1,24454161209641	4,21692502469883	2,47656271073084e-05	0,000187599625337861
"ENSG00000112697"	7160,61435100956	0,0334629007463543	0,267090348227439	0,125286821363755	0,900296485002971	0,999590581734975
"ENSG00000114125"	5830,72241212143	0,03237163572519	0,135311667474462	0,239237578912399	0,810921364788848	0,994773981906967
"ENSG00000115091"	24590,3964803715	-0,274374464469169	0,0501444261192298	-5,47168420706981	4,45778658821109e-08	1,03900718171382e-06
"ENSG00000115241"	26651,3477501648	-0,197700305751855	0,0829600201980457	-2,38307928662381	0,0171684961569141	0,0412861455201982
"ENSG00000115414"	46941,3154943641	1,88850464700296	0,417463984701297	4,52375466198411	6,07521423367618e-06	6,57424968858529e-05
"ENSG00000115484"	45775,8701281093	-0,271902622215059	0,0697461128456094	-3,89846274038161	9,68052924049543e-05	0,000505724199977606
"ENSG00000115806"	10805,2301112803	-0,10934111927565	0,118564196180065	-0,922210269191148	0,356418907591306	0,596657066299257
"ENSG00000117115"	308,610452641571	0,776577638331153	0,158244633653421	4,90745006893551	9,22681348018268e-07	1,4078748627314e-05
"ENSG00000117477"	69,9058984114096	1,97358328928736	0,487645058267421	4,04717172014293	5,18402111863732e-05	0,000334203914669597
"ENSG00000117724"	29945,9443089644	-0,289224392865782	0,0738477970773811	-3,91649316990078	8,98463600516493e-05	0,00049497176537545
"ENSG00000118473"	4,49065187790448	-1,3070481383084	0,890429140366455	-1,46788562846279	0,142135292599863	0,275579552626912
"ENSG00000118849"	1077,74069389474	0,0330770673124551	0,312746633247353	0,105763144335096	0,915770279290294	0,999590581734975
"ENSG00000119335"	29576,8244017885	-0,428905811127769	0,0995477430652995	-4,30854379939506	1,643329360005e-05	0,000132635939989071
"ENSG00000120055"	211,474102384663	0,0133461837981166	0,124088768590817	0,107553519546364	0,914349869054199	0,999590581734975
"ENSG00000120129"	21072,3931936878	0,0177012655447632	0,521142353536856	0,0339662770155397	0,972904042218594	0,999590581734975
"ENSG00000120910"	1314,36885998348	-0,00949046801384675	0,153610054843958	-0,0617828567504092	0,950735755735194	0,999590581734975
"ENSG00000121716"	5760,88051161421	0,0140942025961171	0,0882550354569192	0,159698565902192	0,873118530648138	0,999590581734975
"ENSG00000121871"	0,749670946364181	-1,05503100995288	2,02938147093576	-0,519878113140747	0,603148531101706	0,871981201517407
"ENSG00000121895"	4249,72709620582	0,0365183536150279	0,072806140741706	0,501583427482907	0,615960579329385	0,884531068894804
"ENSG00000122733"	3,34659823971574	-0,32569774165303	1,21224687512634	-0,268672783024568	0,788181497901703	0,989486941865718
"ENSG00000124920"	24087,4149905963	0,25271711939646	0,080012669336429	3,15846379695022	0,00158603007379303	0,00480567112359288
"ENSG00000126777"	43065,6396180936	-0,225069299444875	0,0709887332825164	-3,17049324643051	0,0015218037031369	0,00465764163687354
"ENSG00000127054"	7052,28807478489	-0,0687891684188499	0,160578395357747	-0,428383707942759	0,668371784151321	0,928975461458029
"ENSG00000127152"	382,346387004294	-0,0558671230558994	0,337431574003841	-0,16556578388027	0,868498676101014	0,999590581734975
"ENSG00000128262"	25,215261908545	-0,0397453289518101	0,472689942359307	-0,0840832972951186	0,932990204439352	0,999590581734975
"ENSG00000129595"	3528,02101028752	0,570541819972741	0,209457192825179	2,72390655234712	0,00645147577572663	0,0171473435091682
"ENSG00000130038"	188,586471667673	0,412066351039905	0,270718017120444	1,52212385205442	0,127978050516774	0,251800969523263
"ENSG00000131711"	34766,6346576156	-0,654018486564697	0,194344110491096	-3,36526013014766	0,000764715261087444	0,00260346881021905
"ENSG00000131747"	69780,248670088	-0,731134253417669	0,0759267898468257	-9,62946352522812	6,00421225982797e-22	4,54819078681968e-20
"ENSG00000132024"	3592,76602620485	0,0301026712474976	0,11154105363332	0,269879746218439	0,787252769384908	0,989486941865718
"ENSG00000132341"	35367,980725826	-0,175379832629495	0,0712444206387343	-2,46166410025018	0,0138294117180977	0,0343468176277344
"ENSG00000132646"	24990,779420651	-0,339656485750699	0,149809232353766	-2,26726003740958	0,0233743451711334	0,054480204514257
"ENSG00000133710"	6,83059252256761	-5,58340433716218	1,17957222366244	-4,7334145592428	2,2077392163834e-06	2,78727076068404e-05
"ENSG00000134013"	5419,72533597129	-0,659579025534621	0,342055535174337	-1,92828052087639	0,0538202433581481	0,112465749913923
"ENSG00000134259"	6,15586237694446	-3,00888253659409	0,810361456713374	-3,7130128927866	0,000204806449422412	0,000886519345357011
"ENSG00000134551"	10,0446801893809	0,00818957729135529	0,65006583829891	0,0125980736240282	0,989948457442731	0,999590581734975
"ENSG00000134760"	5,84371014054443	-5,35460466024768	1,21373015641995	-4,41169285604781	1,02565540097275e-05	9,71167457796073e-05
"ENSG00000135052"	24031,8973435746	-0,283537117337385	0,128693457851223	-2,20319759894221	0,0275808244753538	0,0623655956420314
"ENSG00000135164"	3788,29938770194	0,00540130725692697	0,109608682243323	0,0492780968293777	0,960697674505549	0,999590581734975
"ENSG00000135312"	34,1444599807771	0,917533059771593	0,254465229241832	3,60573058450988	0,000311275952366339	0,0012745488319865
"ENSG00000135447"	5,24634966370687	3,85139561970707	1,01206410038277	3,80548585633109	0,000141526102012069	0,000691651756607371
"ENSG00000135624"	52579,1990957191	-0,346581645179921	0,0793890405342956	-4,36561070454302	1,26768078135434e-05	0,00011297272845599
"ENSG00000135631"	5731,95661183738	0,0406614244027711	0,0917527879981132	0,4431628214241	0,657647968409751	0,9225339556859
"ENSG00000136068"	58584,5780824927	-0,634484648251545	0,0946293328682972	-6,70494685970793	2,01479674934562e-11	7,63104268814652e-10
"ENSG00000136274"	9,76322589123408	0,312267125131179	0,91412282601907	0,341603027780278	0,732649658303061	0,980311847764829
"ENSG00000136352"	7,46197437948319	4,22938067040936	0,981589261387686	4,30870715153325	1,64211628272643e-05	0,000132635939989071
"ENSG00000136381"	13417,446607051	-0,0640865738719396	0,101363723311694	-0,632243684211096	0,527227656282668	0,790841484424002
"ENSG00000136383"	32,1202978378064	0,433899787674614	0,676562606286693	0,641329839460192	0,521308406197289	0,785852970536211
"ENSG00000136881"	2088,9268373096	1,82249000763775	0,149462311725126	12,1936425751896	3,36057247696038e-34	1,018253460519e-31
"ENSG00000136999"	65,7590780997725	0,696429004976473	0,317191542539888	2,19561025934005	0,0281198512937401	0,0630036693317159
"ENSG00000137492"	5165,59991647975	-0,0649134556373061	0,052339709364964	-1,24023339878839	0,214889078366468	0,37636642049156
"ENSG00000137699"	180,244725014407	0,124358903801316	0,178481859632318	0,696759346061846	0,485953411980417	0,754013763777438
"ENSG00000138131"	4925,99231968414	-0,339150412610679	0,19828848456659	-1,71038884760242	0,0871939919257738	0,179726391520473
"ENSG00000138297"	6106,43217454124	-0,0355050197978185	0,100775771019102	-0,35231702460593	0,724600521860024	0,980151598766014
"ENSG00000138315"	4,84225342351665	3,67237466186457	1,06340383975336	3,45341489712535	0,000553536928501135	0,00197319634512758
"ENSG00000139144"	4,26531218247235	1,32408371318092	1,15533808634845	1,14605735656633	0,251771420516215	0,435924230950932
"ENSG00000141367"	65323,2996456384	-0,232581582353183	0,0652509588838031	-3,56441631405535	0,000364666772579194	0,00141659015501918
"ENSG00000141753"	155542,459902901	-0,517218419644404	0,172380044137171	-3,00045415484885	0,0026957733135564	0,00777923156197704
"ENSG00000141934"	11120,9331302533	-0,0477859951662358	0,162759087562589	-0,293599551839831	0,769063918275902	0,989486941865718
"ENSG00000142619"	75,2414995114413	1,32050242065421	0,509635482209038	2,59107237771285	0,00956773666140479	0,0245680017661496
"ENSG00000142657"	146204,207578028	-0,207137854854808	0,0727633506875064	-2,84673331969543	0,00441703476366354	0,0121669230308187
"ENSG00000142789"	2,86618052204266	0,982096107617265	1,1437610177786	0,858654992040805	0,390530888718834	0,633819083192878
"ENSG00000142920"	165,361551775116	-0,0246844768924495	0,150123310278938	-0,164428008192628	0,869394216282782	0,999590581734975
"ENSG00000143127"	65,9997101147214	0,393684884538666	0,314099248130527	1,25337735407461	0,210068408983497	0,370062371639533
"ENSG00000143847"	37,6359261511788	0,380459604146575	0,286299458760267	1,32888691370232	0,1838852818596	0,337680244869448
"ENSG00000144381"	43197,3568711105	-0,287097744597952	0,0594738648387654	-4,82729254902601	1,3840173761148e-06	1,99693935696564e-05
"ENSG00000145920"	145359,189749424	0,54883753443771	0,0740737472884605	7,40933940199364	1,26930081080172e-13	7,69196291345844e-12
"ENSG00000146648"	24768,9285792177	-0,396895796144712	0,0987706078873729	-4,01835935440722	5,86047732144685e-05	0,000362392781305795
"ENSG00000146858"	566,360824120548	0,0330208688791236	0,202545377629946	0,163029486357636	0,870495218491007	0,999590581734975
"ENSG00000146966"	203,726810162028	0,128121050705848	0,149412385506111	0,857499532397246	0,391168873125637	0,633819083192878
"ENSG00000147180"	803,159728429015	0,115503015146531	0,190751471820742	0,605515721813535	0,54483638161909	0,809242272698943
"ENSG00000147571"	1,19638987775158	2,00588207428863	1,85624283624311	1,0806140420444	0,279868833622595	0,476405935885654
"ENSG00000147872"	4101,96067791305	0,27081686673382	0,238780177846825	1,13416812557844	0,256724031522933	0,44197375881505
"ENSG00000148942"	4,40020317255517	3,37175958070373	1,01692717810039	3,31563523260549	0,000914350899500199	0,00304448706097319
"ENSG00000149136"	40817,8415595975	-0,251434177245506	0,0906753922965785	-2,7729042122379	0,00555584718627418	0,0150305508700096
"ENSG00000149212"	1487,02207059386	0,694324249267116	0,153961268122164	4,50973324483264	6,49091933256903e-06	6,78189157851178e-05
"ENSG00000149527"	10,7658465741911	-1,55797835859306	0,627224568945193	-2,48392431631485	0,0129943422002177	0,0328107140555497
"ENSG00000150281"	19,7797263401501	0,849779152633374	0,42696080101947	1,99029782266738	0,0465581377297065	0,0993458854373316
"ENSG00000150687"	34493,8348019159	0,361205072484043	0,031885416216274	11,3282219693807	9,51159511505498e-30	1,44100665993083e-27
"ENSG00000151131"	1679,62264592762	-0,111241359464113	0,214683426790749	-0,518164634909335	0,604343406992262	0,871981201517407
"ENSG00000153113"	37117,1645454094	0,46444872805764	0,117147401365468	3,96465241775775	7,35029698893069e-05	0,000420215092008679
"ENSG00000153132"	2851,124593119	0,0350995879030595	0,16994949250259	0,206529524661714	0,836377304490553	0,99906163071248
"ENSG00000154175"	29,1067042887344	0,31647332469328	0,378335012104364	0,836489657494297	0,402879492726651	0,645886170879235
"ENSG00000154269"	5,45306006832846	3,73337298521348	0,949016339506893	3,93393962758675	8,35647810728787e-05	0,000468891271575597
"ENSG00000155465"	16693,8494197538	0,036637818504868	0,15650969888014	0,234092958883822	0,814912812083317	0,995485445812938
"ENSG00000155849"	951,829209763249	1,16790980693092	0,159136869188027	7,33902717132745	2,15151935177546e-13	1,08651727264661e-11
"ENSG00000156298"	4358,10486422303	0,948229117594462	0,484711362225329	1,95627581998719	0,0504326710242661	0,106118745280227
"ENSG00000156475"	4,88437146336819	4,92736190117506	1,26292069499436	3,90156081906399	9,55744413955455e-05	0,000505724199977606
"ENSG00000156689"	6,08961074478598	3,61766208609206	1,06444079693144	3,39865034910445	0,000677192304933161	0,00235849733787066
"ENSG00000158006"	2115,71464292188	0,0247649576161907	0,231722625287668	0,106873282595719	0,914889509170408	0,999590581734975
"ENSG00000159167"	306,152043986842	0,63535770545745	0,465319795552411	1,36542161225524	0,172120574953355	0,318003257383333
"ENSG00000159335"	27760,0603659357	0,403955964024141	0,113631383502855	3,554968280519	0,000378024690865149	0,00144989216876127
"ENSG00000159592"	6165,61720546381	0,0349339248553829	0,0711025023411735	0,491317797617843	0,623201693911084	0,890708081391785
"ENSG00000159882"	383,541683775022	0,111688571787332	0,199974998593926	0,558512676947831	0,576494350452701	0,847950428093051
"ENSG00000162545"	8144,8009766311	0,0961727396926694	0,362507074546777	0,265298931925422	0,790779187240747	0,989486941865718
"ENSG00000162595"	23,9863084012011	0,683965625870811	0,53130895415515	1,28732185016231	0,197982130751858	0,35287403304596
"ENSG00000162738"	480,325681393721	1,41984212950626	0,341252655682132	4,16067715771508	3,17305368539771e-05	0,00023058018724602
"ENSG00000162745"	101,516042385123	0,88682537709885	0,287290969027991	3,08685434874372	0,00202286687273633	0,00595076371300106
"ENSG00000162777"	470,970687834882	0,805573098991938	0,169469018461218	4,75351250810656	1,99912730415038e-06	2,63363292677202e-05
"ENSG00000163009"	106,34409957977	-0,640238297867941	0,276301302391733	-2,31717437567568	0,0204942347839343	0,0485136964025944
"ENSG00000163273"	1,44075345447204	-2,47819432177462	1,59349733409826	-1,5551920098925	0,119900346679311	0,240594735389612
"ENSG00000163286"	3,70158596238155	0,907198799397077	1,03841101452781	0,873641348854144	0,382313600743002	0,626167681216917
"ENSG00000163485"	814,943585551429	0,544447364425722	0,417261242018539	1,30481173327268	0,19195696281117	0,346208093641574
"ENSG00000164379"	548,089867452994	1,27994801089468	0,333912786476	3,83318058707127	0,000126497019804263	0,000628337655749044
"ENSG00000164488"	1209,43366130089	1,33778324696442	0,526815100767005	2,53937908199045	0,011104942506561	0,0282756099116636
"ENSG00000164520"	289,195228481295	0,000279418607751332	0,506920709722723	0,000551207718272487	0,999560199894066	0,999590581734975
"ENSG00000165125"	5,64243578682206	3,54509614066997	0,940795274000692	3,76819084729731	0,000164434968949529	0,000758977113928255
"ENSG00000165929"	3742,32310893182	0,139808010375757	0,105929827340426	1,31981722132386	0,186896050411867	0,339098822004765
"ENSG00000166664"	46,914066127688	-0,0746045148638411	0,340916969744059	-0,218834852720443	0,826778696269936	0,998063525776059
"ENSG00000167281"	771,687688162798	1,15805026311145	0,334904776977787	3,45784934321275	0,000544505785583667	0,00196411015514108
"ENSG00000167460"	50267,3809139352	-0,225462260874176	0,043379833513294	-5,19739802148115	2,02097342134489e-07	4,08236631111667e-06
"ENSG00000167468"	27368,9107066133	-0,374538059119287	0,131387815956656	-2,85063007092564	0,00436327002078916	0,0121290900577901
"ENSG00000167920"	1115,78604932359	-0,0413244893489975	0,143066514434098	-0,288848089383161	0,77269762980556	0,989486941865718
"ENSG00000168003"	50646,783888261	-0,581881745184452	0,135137333898309	-4,3058548544573	1,6634210295659e-05	0,000132635939989071
"ENSG00000168405"	9,47755450486497	-0,388708887676151	1,31462687177005	-0,295680010825264	0,767474464026826	0,989486941865718
"ENSG00000168679"	10235,8763393121	0,0395217665222888	0,103269161985755	0,382706373929327	0,701937487913075	0,962384881618379
"ENSG00000168702"	18,6040807088943	-0,431767780697725	0,51181750105087	-0,843597141190393	0,398894562344598	0,642899214842624
"ENSG00000168874"	1967,06744787497	0,402754855812558	0,167120011831284	2,40997383496574	0,0159536646166896	0,0386716830308556
"ENSG00000169418"	143,121263203443	0,0311422587335031	0,542629218723953	0,057391415093233	0,954233401495231	0,999590581734975
"ENSG00000169764"	23830,3145956908	0,272060555546335	0,0466310021171459	5,83432787618134	5,40078273359854e-09	1,48767015298214e-07
"ENSG00000170004"	23871,214757283	-0,036130537464118	0,107867424319087	-0,33495318621161	0,737660400298287	0,980311847764829
"ENSG00000170759"	28007,396187771	-0,246236702516787	0,116971017928083	-2,10510865749821	0,0352818508039475	0,0773952495261335
"ENSG00000171877"	365,268827207232	-0,200037034099824	0,442041568258193	-0,452529916785979	0,650887274093292	0,917296949071011
"ENSG00000172159"	3896,70718183688	0,330906298795922	0,157601155499888	2,09964386204108	0,0357601812992036	0,0773952495261335
"ENSG00000172346"	620,606996048433	-0,300930067471088	0,218622736704953	-1,37648111082433	0,168672731431532	0,313545016096651
"ENSG00000172403"	1073,80023388853	0,220075322428459	0,269058689390051	0,817945418998968	0,413388354118758	0,65924563841044
"ENSG00000172660"	24350,9895338992	-0,291399311682625	0,100262718800259	-2,9063575690895	0,00365663328437886	0,0104524517468566
"ENSG00000172955"	1168,62651946761	1,66987299095974	0,578936382439071	2,88438080869011	0,00392184188196414	0,0110259695420701
"ENSG00000173545"	3649,72855380559	-0,086000459921911	0,19976484961637	-0,430508470769842	0,666825806170372	0,928975461458029
"ENSG00000174013"	1755,87471743145	-0,243626138069969	0,124029425190145	-1,96426080098714	0,0494998550356411	0,104884308222372
"ENSG00000175768"	11862,1751886883	-0,101611090358577	0,405186416977556	-0,250776151669973	0,801987180714799	0,991845370435037
"ENSG00000175920"	149,874927275594	1,48797789986551	0,208244232535446	7,14534986995252	8,97669531943919e-13	3,88562668827154e-11
"ENSG00000176171"	2138,27568373935	0,0326674706901421	0,182617216097958	0,178884945177452	0,858028044118687	0,999590581734975
"ENSG00000179314"	1074,66988887588	0,0663948626792727	0,0974613813569605	0,681242783088575	0,495717880899578	0,757844207432015
"ENSG00000179542"	0,10019941718791	-0,858496400459527	3,5338115409304	-0,242937799742852	0,80805358259917	0,994773981906967
"ENSG00000179588"	731,507870545909	0,321568657703632	0,31934221655761	1,00697195995576	0,313948249131708	0,531431952440824
"ENSG00000179743"	324,986321176247	0,00128930929791848	0,255727440175053	0,00504173231091629	0,995977296671652	0,999590581734975
"ENSG00000179837"	6108,52607194837	0,0228315901889538	0,0872556900800088	0,261663052209185	0,793581228331529	0,989486941865718
"ENSG00000179862"	1122,428091263	-0,0871418419383615	0,179973631824687	-0,484192273361726	0,628249419942364	0,893706921326462
"ENSG00000180287"	913,006839663522	1,22496241678556	0,118686198764588	10,3210181936592	5,66195034428017e-25	5,71856984772298e-23
"ENSG00000180316"	5,93686789435808	-2,91610828044805	0,811994087728021	-3,5912925038745	0,000329042089717592	0,00131183885768987
"ENSG00000180525"	315,295187149043	0,643221914896775	0,279441811771872	2,30180985020911	0,0213458978227367	0,0501380390720095
"ENSG00000182568"	13,8444396067787	1,92428953301881	0,738763542757622	2,6047434959174	0,00919430638163229	0,0238108960139708
"ENSG00000183035"	0,443621533095051	0,901535327732407	3,50149126971031	0,257471819373405	0,796814567046981	0,989486941865718
"ENSG00000183207"	19089,9155655942	-0,14378956882806	0,143974734881266	-0,99871389898124	0,31793330568652	0,535187731238975
"ENSG00000183576"	8128,55035959761	-0,0710854278460654	0,102443320677207	-0,693900074462165	0,487744876898937	0,754013763777438
"ENSG00000183607"	5,35299580458233	-3,38932937560416	0,899778700316902	-3,76684775313134	0,000165321747588333	0,000758977113928255
"ENSG00000185033"	8035,26452477636	0,1428250510107	0,0979367799839539	1,45833925757107	0,144747054469098	0,277584541165423
"ENSG00000185837"	23,3900934210294	0,281489076841834	0,671845090760297	0,418979137770115	0,675231379200764	0,933686418176947
"ENSG00000186076"	1225,55708683345	0,00345733128927249	0,493599205953995	0,00700432911473266	0,994411399637316	0,999590581734975
"ENSG00000186204"	1446,54839035744	0,0323969395403872	0,157959965761459	0,205095888595664	0,837497208584059	0,99906163071248
"ENSG00000186207"	3,68994502487232	-4,68094565218842	1,20241153885013	-3,89296468051597	9,90265741756648e-05	0,000508560202969939
"ENSG00000186510"	4,91719614856686	2,67985601250544	0,841652948977861	3,18403923583939	0,00145235324979549	0,00449043912946973
"ENSG00000186715"	39,8086923801118	0,612025441382224	0,276503771394446	2,2134433765431	0,0268670929520737	0,06140204058416
"ENSG00000186908"	1972,4590070988	0,0430751984012559	0,300605159698735	0,143294940261257	0,886057251682867	0,999590581734975
"ENSG00000188162"	3,76158103024778	-3,98435216931866	1,25001133678756	-3,18745282707447	0,0014353186873501	0,00448352126048536
"ENSG00000189431"	172,854511861619	0,860013568340143	0,233159943216127	3,6885133718829	0,000225568173208897	0,000962636006792899
"ENSG00000196091"	7,77049941317274	-6,45789543747947	1,11846642804448	-5,7738840215083	7,7464766705256e-09	1,95598535930771e-07
"ENSG00000196230"	124582,916650477	-0,302360145843782	0,0922898029169751	-3,27620318049426	0,00105212840078817	0,00342790220901953
"ENSG00000196296"	434,64057957322	0,191153024054145	0,112369070742178	1,70111777904377	0,0889208730219334	0,18204746301112
"ENSG00000196305"	41641,9920668631	-0,358699799095886	0,111582506641439	-3,21465980548849	0,00130599197948472	0,00416542705035654
"ENSG00000197122"	34194,3365702159	-0,258691661169325	0,0685991821329072	-3,77106042850662	0,000162555299695188	0,000758977113928255
"ENSG00000198074"	304218,207536964	-0,544041666322975	0,13623821242009	-3,99331183710356	6,51567874426135e-05	0,000379663588367536
"ENSG00000198959"	26464,8220212762	-0,657975587596077	0,194965562916376	-3,37482977893022	0,000738613613101563	0,00254318096329288
"ENSG00000203740"	4,57021032246053	-5,69681544587984	1,42237974122293	-4,00512977004427	6,19834438968617e-05	0,000375619670014982
"ENSG00000204053"	4,26174043989852	4,00033319749851	1,11189281585622	3,59776872415354	0,000320958818529439	0,00129667362685893
"ENSG00000204262"	13008,4792908907	0,382093162736358	0,181549954129062	2,10461723644794	0,0353246400138457	0,0773952495261335
"ENSG00000204316"	7997,6679451947	-0,0492688366089682	0,173921173577979	-0,28328256758731	0,776960239258767	0,989486941865718
"ENSG00000204740"	5,71709737188674	4,33123954962421	1,10917311247037	3,9049265627956	9,42540028028433e-05	0,000505724199977606
"ENSG00000204880"	3,5226719976448	-5,37124789920526	1,70397742503263	-3,15218254672734	0,00162054926826031	0,00486164780478093
"ENSG00000205426"	101012,078047737	-0,603822693691982	0,245787276289035	-2,45668816876393	0,0140224344743364	0,0345430702904384
"ENSG00000206190"	1700,69493650668	0,034334098670238	0,186393465489676	0,184202265782433	0,853854782058786	0,999590581734975
"ENSG00000206913"	5,68402203625659	-0,0083587803871033	0,660418161715394	-0,0126567996939877	0,989901604553746	0,999590581734975
"ENSG00000207643"	10,2730170233505	-0,163090940079651	0,601029774140375	-0,271352513796695	0,786119920773438	0,989486941865718
"ENSG00000213424"	43,7091015438346	3,13069703482081	0,530798321533645	5,89809143664063	3,67730190168051e-09	1,11422247620919e-07
"ENSG00000213606"	30972,4602000491	-0,603788374020859	0,477831607283271	-1,26360074306034	0,206373366765206	0,365679123566417
"ENSG00000214401"	95,2532491845934	0,00950913920994605	0,280852476960661	0,0338581283414424	0,972990282771691	0,999590581734975
"ENSG00000215311"	197,320381974997	0,0333104271160687	0,349465228113144	0,095318287590215	0,92406201739209	0,999590581734975
"ENSG00000215441"	31,7805340409606	0,041381002671737	0,637854561523116	0,0648752947269429	0,948273291097677	0,999590581734975
"ENSG00000217767"	4,60635577649924	-4,24472846523738	1,19696443027195	-3,54624444794318	0,000390763543828109	0,00148001692224896
"ENSG00000223586"	34,4226152562487	0,127953801580046	0,492917233937324	0,259584759408748	0,795184093658768	0,989486941865718
"ENSG00000223599"	66,2194931320317	0,149176676417671	0,227179413662825	0,656646982279282	0,511407931975043	0,77478301694219
"ENSG00000224953"	49,1871128541829	-0,120092877224859	0,411579879538548	-0,29178510222488	0,770450936529947	0,989486941865718
"ENSG00000225792"	80,4758947783009	-0,830457192112808	0,313370585310281	-2,65008022782527	0,0080472659018908	0,0210200135195941
"ENSG00000226309"	223,54045561577	0,0378088958227231	0,118792191433797	0,3182776188096	0,750274359889167	0,98840491759312
"ENSG00000226702"	6,31698665291511	-6,21905087885416	1,30085179385826	-4,7807528176663	1,74639982892914e-06	2,40526885529786e-05
"ENSG00000226786"	4,18044499588514	0,116003840370621	0,954637824784014	0,121516073801985	0,903282283992926	0,999590581734975
"ENSG00000226964"	210,962786374333	0,857986457044353	0,387841052128471	2,21221155505773	0,0269520508174696	0,06140204058416
"ENSG00000227242"	6,94888959016297	2,4258087439579	0,647498520951559	3,74643132835724	0,000179368076000385	0,000799243044531127
"ENSG00000227507"	7,32229248093576	-0,171711159231667	0,530158840491104	-0,323886250906624	0,746024153583933	0,987097460855596
"ENSG00000227682"	603,959651566963	0,0331399564921024	2,02044955631779	0,0164022686874197	0,986913469842636	0,999590581734975
"ENSG00000228793"	5,59168223446839	-4,48617541687966	1,11163078897332	-4,03567035150493	5,44466177627122e-05	0,000343694274627121
"ENSG00000229043"	660,954203241492	-0,154441015944828	0,0929124166876641	-1,66222149256971	0,0964683721663574	0,196173938029572
"ENSG00000229054"	4,64681268414909	0,0477248236984895	0,984358176405456	0,0484831891911179	0,961331161767457	0,999590581734975
"ENSG00000230795"	21,1210149562109	-0,035849886806639	0,887713996921874	-0,0403845010115281	0,967786586570274	0,999590581734975
"ENSG00000230911"	136,778947054447	0,0647014036575594	0,191163524141592	0,338461031978235	0,735015788037007	0,980311847764829
"ENSG00000231249"	4,61886199985451	-0,187785292071328	0,816654575947463	-0,229944578285702	0,818134835830952	0,995485445812938
"ENSG00000231407"	4,25038653950674	-0,00124502714800854	0,804854015655663	-0,00154689810051366	0,998765754380701	0,999590581734975
"ENSG00000231533"	6,62493728245695	6,08295176017135	1,23988794560207	4,90604960048833	9,29290338436567e-07	1,4078748627314e-05
"ENSG00000231683"	2304,41999564452	-0,257906711757626	0,160039672672073	-1,61151736598516	0,10706700525784	0,216275350620837
"ENSG00000231911"	221,928895519345	0,0422642226118296	1,86159170654033	0,0227032718631818	0,981886965940035	0,999590581734975
"ENSG00000233355"	4,84273906547597	4,93362007281788	1,18624585344099	4,15901986802039	3,19616101133097e-05	0,00023058018724602
"ENSG00000234292"	11,2899766748942	-1,10366844485868	0,717644087826306	-1,53790501946671	0,124071839837813	0,245710898502336
"ENSG00000235023"	5,41531087600055	2,44974306143708	0,731322317502191	3,3497447060061	0,000808860732730977	0,00272316446686095
"ENSG00000235109"	491,076770506389	0,205725452555139	0,234381709474695	0,87773680384966	0,380086566807596	0,625903422514683
"ENSG00000235269"	247,919271492178	0,269288652876212	0,449588647654454	0,598966753900741	0,549195054913763	0,811737081165221
"ENSG00000235411"	499,01535796993	-0,000960632915194988	0,206704312354578	-0,00464737723297774	0,996291942805426	0,999590581734975
"ENSG00000235510"	3,79893434330217	3,34079900765165	1,01329468018589	3,29696688730151	0,000977350230890155	0,00321888173869257
"ENSG00000235532"	5,75572909783701	-6,08466477729017	1,20098288514521	-5,06640423652206	4,05400549575554e-07	7,22566861890546e-06
"ENSG00000235720"	400,250154538714	-0,00661955289199268	0,347820265768758	-0,0190315330745954	0,984815950205482	0,999590581734975
"ENSG00000236455"	303,489948499124	-0,0645009529616778	0,141550622172103	-0,455674104231453	0,648624346217102	0,917296949071011
"ENSG00000236829"	66,2170217825585	0,196648385700513	0,243638553820279	0,807131640772961	0,419590644519011	0,665633326121782
"ENSG00000236969"	294,189361552559	-0,712778074162951	0,168645005305809	-4,22649975829673	2,3735452675553e-05	0,000184406209248527
"ENSG00000237620"	5,47222384554045	-5,20608996917616	1,18397038312985	-4,39714543822772	1,09683853010405e-05	0,000100709719582281
"ENSG00000239719"	93,2574987446668	0,0287789183202246	0,291305081045907	0,0987930530318807	0,921302584387849	0,999590581734975
"ENSG00000240625"	4,25469409871904	0,0539326184949104	0,963966212805086	0,0559486606257387	0,955382705936172	0,999590581734975
"ENSG00000241218"	1,72523396668457	1,94123337013855	1,49823608060206	1,29567922924302	0,195086020222149	0,349769610220777
"ENSG00000241369"	4,22254432895127	-5,64896732550025	1,21766969522412	-4,63916228485962	3,49824279143981e-06	4,23987026322505e-05
"ENSG00000243137"	151,700707313585	-1,4609616100816	0,483439704643623	-3,02201411271872	0,00251098841147341	0,00731566816035042
"ENSG00000243199"	11075,9802509575	0,0298020155544538	0,144916129630651	0,205650093129112	0,837064245090063	0,99906163071248
"ENSG00000243495"	47,0738141021625	0,0405574033774853	0,528957232011715	0,0766742581876393	0,938882683231706	0,999590581734975
"ENSG00000244668"	13,3558498801447	-0,561212490702499	0,720147082523322	-0,779302595708737	0,435801485990571	0,684185752617322
"ENSG00000247095"	99,3955488984149	0,517581423915932	0,2230021547203	2,32097050615994	0,0202884357114898	0,0484046930754441
"ENSG00000248122"	29,2196588469098	0,0484910174737086	1,17239260890999	0,0413607328340222	0,967008316651302	0,999590581734975
"ENSG00000248810"	6,22168130981078	3,62828703185926	0,884060768308797	4,10411496802437	4,05865604412868e-05	0,000279493813947952
"ENSG00000249948"	4,28437673871707	3,90092459161172	1,1190352499911	3,48597114491499	0,000490353894213087	0,00181191743837275
"ENSG00000250182"	2260,95318705707	0,0136604860214764	1,11882929334535	0,0122096249201975	0,99025837082238	0,999590581734975
"ENSG00000253161"	4,37612629358578	-4,19046051853175	1,14737052751824	-3,65222952658172	0,000259973356744293	0,00107906749443179
"ENSG00000253414"	5,4869087962868	-5,26400766305476	1,20938814099533	-4,35262053977351	1,34519866689136e-05	0,000116455770305167
"ENSG00000253661"	5,58502299917585	-3,49813752883842	1,00741243879282	-3,47239858684912	0,000515829859220958	0,00188308972703555
"ENSG00000253948"	41,8953752680905	0,637999008105925	0,455734351928476	1,39993618081714	0,161532430290324	0,302125471468939
"ENSG00000254285"	33791,1456798343	0,0247071645245324	0,142796657301557	0,173023409591136	0,862633026936733	0,999590581734975
"ENSG00000254510"	6,8201696921587	-3,42802447532585	0,839928053743849	-4,08133108549711	4,47785147927447e-05	0,000299828405453677
"ENSG00000256306"	5,17355596014128	-3,40445367697147	1,06162245690867	-3,20684029884302	0,00134201474656427	0,00423573404384346
"ENSG00000258910"	6,25575414391159	4,08078743401236	1,11454021027321	3,66140888987039	0,000250832063701895	0,00105558493474548
"ENSG00000259772"	127,066325038223	1,31688153269167	0,214112987206371	6,15040474598768	7,72854634984559e-10	2,60194393778135e-08
"ENSG00000260369"	3,69066044730794	-0,498025360407786	0,818795131408223	-0,608241721651722	0,543027167008635	0,809242272698943
"ENSG00000260496"	5,90103268406866	3,08254232047005	0,826051660650215	3,73165803945442	0,000190223611513495	0,000835329772298391
"ENSG00000261104"	5,78060984741999	-5,32708542666239	1,20367846617821	-4,42567145325477	9,61427588913459e-06	9,39717933679929e-05
"ENSG00000261502"	9,03980573581687	3,17576429841187	0,768585093690708	4,13196186665813	3,59680101458864e-05	0,000253449001725664
"ENSG00000261652"	377,224295927427	0,0371830177374484	0,164672965751076	0,225799162405657	0,821357628558529	0,995485445812938
"ENSG00000262074"	15,7452965817217	0,022396106453466	0,517068378590923	0,0433136261677774	0,965451529305406	0,999590581734975
"ENSG00000262583"	22,2869003610628	0,000446485353742589	0,586359666089492	0,000761453045909957	0,999392448429603	0,999590581734975
"ENSG00000262714"	5,47570545005707	2,31761795689971	0,718274925680448	3,22664466492986	0,00125250898469746	0,00403734279109926
"ENSG00000262943"	303,714149235346	-0,0373314070819476	0,144687021343375	-0,258014898194301	0,796395409320764	0,989486941865718
"ENSG00000265342"	4,34303486722529	-0,000527139125116736	1,02730187389939	-0,000513129722148608	0,999590581734975	0,999590581734975
"ENSG00000266405"	38,2440557709084	0,0201427208256366	0,540848385461432	0,037242823251569	0,970291394262993	0,999590581734975
"ENSG00000268307"	6,85552306241562	3,07306703739122	0,860907633581453	3,56956648718166	0,000357572460214699	0,00140707084993576
"ENSG00000270030"	2,06310133834605	0,334750272154517	1,26688749792055	0,264230464586611	0,791602337646784	0,989486941865718
"ENSG00000270923"	10,3052549657372	-0,0928755708034181	0,859919978073785	-0,108004899492461	0,913991805714479	0,999590581734975
"ENSG00000271021"	6,87308584902496	2,33719435495391	0,687534834627717	3,39938318357272	0,000675380232387186	0,00235849733787066
"ENSG00000272005"	369,817542485072	0,0490139741094543	0,484770909661877	0,101107498681472	0,919465125466342	0,999590581734975
"ENSG00000272367"	677,818319961773	-0,0583827753117141	0,161973892621338	-0,360445590131004	0,718513938548808	0,976276786458695
"__no_feature"	95448,6396444429	-0,138531711561081	0,124262044430074	-1,11483528374617	0,264921013406331	0,453508853458296
"__ambiguous"	0	NA	NA	NA	NA	NA
"__too_low_aQual"	0	NA	NA	NA	NA	NA
"__not_aligned"	0	NA	NA	NA	NA	NA
"__alignment_not_unique"	318063,291356064	-0,2416529112921	0,171730371776265	-1,40716466628822	0,159378566374862	0,299948482059524
